# yaml-language-server: $schema=../../src/schema/planet_schema.json

name: LP791-18d
t0: [2458772.16211, 0.00082]
p: [2.753436, 0.000013]
rp_rstar: [0.05192, 0.00090]
a_rstar: [23.8, 0.28]
inc: [89.34, 0.41]
ecc: [0.00150, 0.00014]
w: [0.0, 360]