# yaml-language-server: $schema=../../src/schema/planet_schema.json

name: TOI-1468b
t0: [2458765.68079, 0.0007]
p: [1.8805136, 0.0000026]
rp_rstar: [0.03411, 0.0015]
a_rstar: [13.14, 0.24]
inc: [88.47, 0.34]
ecc: [0]
w: [0]