# yaml-language-server: $schema=../schema/planet_schema.json

t0: [2459779.210475, 0.000025]
p: [2.421937, 0.000018]
rp_rstar: [0.08440, 0.00038]
a_rstar: [28.549, 0.212]
inc: [89.778, 0.118]
ecc: [0]
w: [0]