# yaml-language-server: $schema=../schema/planet_schema.json

t0: [2459779.210475, 0.000025]
p: [1.510826, 0.000006]
rp_rstar: [0.08590, 0.00037]
a_rstar: [20.843, 0.155]
inc: [89.728, 0.165]
ecc: [0]
w: [0]